224
452
280
751
768
21
955
151
84
743
789
718
72
523
156
309
885
746
625
513
134
979
64
529
629
723
922
217
163
222
207
14
532
264
146
742
128
969
813
121
472
557
794
435
487
767
25
577
458
522
253
340
635
330
757
890
741
228
515
297
765
175
866
732
663
75
825
301
198
881
985
696
603
820
755
956
438
414
255
804
238
814
737
833
967
140
701
459
186
855
8
289
377
656
86
1000
973
713
271
464
763
170
769
476
42
679
479
93
935
641
286
409
329
229
868
538
740
18
520
819
496
196
462
402
16
616
766
729
733
754
771
273
931
610
869
150
514
91
333
457
779
883
511
668
681
620
958
31
350
929
655
614
362
583
259
563
710
982
304
416
174
645
70
601
882
716
352
569
493
242
165
759
943
971
279
780
564
778
980
364
48
204
401
986
951
292
930
147
891
762
861
678
788
50
354
906
886
188
223
932
387
32
119
270
553
336
840
517
811
648
671
687
82
567
491
486
334
316
727
839
69
633
915
536
191
471
393
192
859
914
856
498
721
126
707
443
327
113
12
418
71
439
802
791
61
512
115
244
112
908
376
970
544
391
164
166
562
847
997
618
920
961
353
615
509
875
674
518
691
799
764
122
322
361
528
337
836
320
871
303
725
689
888
363
118
288
179
694
231
535
275
712
924
219
570
893
159
543
879
546
99
566
782
661
960
582
642
420
749
539
308
197
936
47
360
261
627
853
463
450
247
502
860
287
46
683
524
232
962
161
328
131
484
897
608
385
711
792
389
753
968
953
240
999
184
411
537
256
405
822
266
927
335
469
33
829
383
324
947
639
554
169
314
783
437
291
593
475
895
341
11
541
243
451
293
285
644
715
2
555
114
698
57
24
283
40
510
3
934
619
568
424
904
558
612
926
465
842
101
183
602
531
548
39
182
858
889
786
449
456
606
127
446
426
7
506
495
675
669
302
430
677
473
505
171
843
837
876
431
379
503
145
92
406
585
339
748
194
208
455
992
579
756
444
193
338
410
27
877
864
133
403
268
461
571
269
83
177
758
533
102
636
728
957
497
902
874
445
398
81
421
63
552
965
436
200
251
865
209
37
652
640
739
806
925
556
745
638
298
688
199
526
534
395
35
348
412
96
267
157
976
649
623
952
160
468
719
672
258
761
983
203
626
433
107
664
933
700
155
760
549
10
136
67
575
249
827
838
167
380
365
550
54
747
852
588
676
944
654
36
80
918
29
599
97
703
384
15
810
580
938
343
111
488
551
844
658
221
730
357
504
574
369
776
659
948
274
129
356
381
972
591
399
262
142
565
190
717
685
135
597
428
58
346
706
848
371
20
773
916
492
540
572
225
734
592
647
964
975
682